1E+12	8.42E-07	0.000113762
1.00901E+12	8.27E-07	0.000112746
1.01802E+12	8.12E-07	0.000111748
1.02703E+12	7.98E-07	0.000110768
1.03604E+12	7.84E-07	0.000109805
1.04505E+12	7.71E-07	0.000108859
1.05405E+12	7.58E-07	0.000107928
1.06306E+12	7.45E-07	0.000107014
1.07207E+12	7.33E-07	0.000106115
1.08108E+12	7.20E-07	0.00010523
1.09009E+12	7.09E-07	0.000104361
1.0991E+12	6.97E-07	0.000103506
1.10811E+12	6.86E-07	0.000102664
1.11712E+12	6.75E-07	0.000101836
1.12613E+12	6.64E-07	0.000101022
1.13514E+12	6.53E-07	0.00010022
1.14414E+12	6.43E-07	9.94E-05
1.15315E+12	6.33E-07	9.87E-05
1.16216E+12	6.23E-07	9.79E-05
1.17117E+12	6.14E-07	9.71E-05
1.18018E+12	6.05E-07	9.64E-05
1.18919E+12	5.95E-07	9.57E-05
1.1982E+12	5.86E-07	9.49E-05
1.20721E+12	5.78E-07	9.42E-05
1.21622E+12	5.69E-07	9.35E-05
1.22523E+12	5.61E-07	9.29E-05
1.23423E+12	5.53E-07	9.22E-05
1.24324E+12	5.45E-07	9.15E-05
1.25225E+12	5.37E-07	9.08E-05
1.26126E+12	5.29E-07	9.02E-05
1.27027E+12	5.22E-07	8.96E-05
1.27928E+12	5.14E-07	8.89E-05
1.28829E+12	5.07E-07	8.83E-05
1.2973E+12	5.00E-07	8.77E-05
1.30631E+12	4.93E-07	8.71E-05
1.31532E+12	4.87E-07	8.65E-05
1.32432E+12	4.80E-07	8.59E-05
1.33333E+12	4.74E-07	8.53E-05
1.34234E+12	4.67E-07	8.48E-05
1.35135E+12	4.61E-07	8.42E-05
1.36036E+12	4.55E-07	8.36E-05
1.36937E+12	4.49E-07	8.31E-05
1.37838E+12	4.43E-07	8.25E-05
1.38739E+12	4.37E-07	8.20E-05
1.3964E+12	4.32E-07	8.15E-05
1.40541E+12	4.26E-07	8.09E-05
1.41441E+12	4.21E-07	8.04E-05
1.42342E+12	4.16E-07	7.99E-05
1.43243E+12	4.10E-07	7.94E-05
1.44144E+12	4.05E-07	7.89E-05
1.45045E+12	4.00E-07	7.84E-05
1.45946E+12	3.95E-07	7.80E-05
1.46847E+12	3.90E-07	7.75E-05
1.47748E+12	3.86E-07	7.70E-05
1.48649E+12	3.81E-07	7.65E-05
1.4955E+12	3.76E-07	7.61E-05
1.5045E+12	3.72E-07	7.56E-05
1.51351E+12	3.68E-07	7.52E-05
1.52252E+12	3.63E-07	7.47E-05
1.53153E+12	3.59E-07	7.43E-05
1.54054E+12	3.55E-07	7.38E-05
1.54955E+12	3.51E-07	7.34E-05
1.55856E+12	3.47E-07	7.30E-05
1.56757E+12	3.43E-07	7.26E-05
1.57658E+12	3.39E-07	7.22E-05
1.58559E+12	3.35E-07	7.17E-05
1.59459E+12	3.31E-07	7.13E-05
1.6036E+12	3.27E-07	7.09E-05
1.61261E+12	3.24E-07	7.05E-05
1.62162E+12	3.20E-07	7.02E-05
1.63063E+12	3.17E-07	6.98E-05
1.63964E+12	3.13E-07	6.94E-05
1.64865E+12	3.10E-07	6.90E-05
1.65766E+12	3.06E-07	6.86E-05
1.66667E+12	3.03E-07	6.83E-05
1.67568E+12	3.00E-07	6.79E-05
1.68468E+12	2.97E-07	6.75E-05
1.69369E+12	2.94E-07	6.72E-05
1.7027E+12	2.90E-07	6.68E-05
1.71171E+12	2.87E-07	6.65E-05
1.72072E+12	2.84E-07	6.61E-05
1.72973E+12	2.81E-07	6.58E-05
1.73874E+12	2.79E-07	6.54E-05
1.74775E+12	2.76E-07	6.51E-05
1.75676E+12	2.73E-07	6.48E-05
1.76577E+12	2.70E-07	6.44E-05
1.77477E+12	2.67E-07	6.41E-05
1.78378E+12	2.65E-07	6.38E-05
1.79279E+12	2.62E-07	6.35E-05
1.8018E+12	2.59E-07	6.31E-05
1.81081E+12	2.57E-07	6.28E-05
1.81982E+12	2.54E-07	6.25E-05
1.82883E+12	2.52E-07	6.22E-05
1.83784E+12	2.49E-07	6.19E-05
1.84685E+12	2.47E-07	6.16E-05
1.85586E+12	2.44E-07	6.13E-05
1.86486E+12	2.42E-07	6.10E-05
1.87387E+12	2.40E-07	6.07E-05
1.88288E+12	2.38E-07	6.04E-05
1.89189E+12	2.35E-07	6.01E-05
1.9009E+12	2.33E-07	5.98E-05
1.90991E+12	2.31E-07	5.96E-05
1.91892E+12	2.29E-07	5.93E-05
1.92793E+12	2.27E-07	5.90E-05
1.93694E+12	2.24E-07	5.87E-05
1.94595E+12	2.22E-07	5.85E-05
1.95495E+12	2.20E-07	5.82E-05
1.96396E+12	2.18E-07	5.79E-05
1.97297E+12	2.16E-07	5.77E-05
1.98198E+12	2.14E-07	5.74E-05
1.99099E+12	2.12E-07	5.71E-05
2E+12	2.11E-07	5.69E-05
2.00901E+12	2.09E-07	5.66E-05
2.01802E+12	2.07E-07	5.64E-05
2.02703E+12	2.05E-07	5.61E-05
2.03604E+12	2.03E-07	5.59E-05
2.04505E+12	2.01E-07	5.56E-05
2.05405E+12	2.00E-07	5.54E-05
2.06306E+12	1.98E-07	5.51E-05
2.07207E+12	1.96E-07	5.49E-05
2.08108E+12	1.94E-07	5.47E-05
2.09009E+12	1.93E-07	5.44E-05
2.0991E+12	1.91E-07	5.42E-05
2.10811E+12	1.89E-07	5.40E-05
2.11712E+12	1.88E-07	5.37E-05
2.12613E+12	1.86E-07	5.35E-05
2.13514E+12	1.85E-07	5.33E-05
2.14414E+12	1.83E-07	5.31E-05
2.15315E+12	1.82E-07	5.28E-05
2.16216E+12	1.80E-07	5.26E-05
2.17117E+12	1.79E-07	5.24E-05
2.18018E+12	1.77E-07	5.22E-05
2.18919E+12	1.76E-07	5.20E-05
2.1982E+12	1.74E-07	5.18E-05
2.20721E+12	1.73E-07	5.15E-05
2.21622E+12	1.71E-07	5.13E-05
2.22523E+12	1.70E-07	5.11E-05
2.23423E+12	1.69E-07	5.09E-05
2.24324E+12	1.67E-07	5.07E-05
2.25225E+12	1.66E-07	5.05E-05
2.26126E+12	1.65E-07	5.03E-05
2.27027E+12	1.63E-07	5.01E-05
2.27928E+12	1.62E-07	4.99E-05
2.28829E+12	1.61E-07	4.97E-05
2.2973E+12	1.60E-07	4.95E-05
2.30631E+12	1.58E-07	4.93E-05
2.31532E+12	1.57E-07	4.91E-05
2.32432E+12	1.56E-07	4.89E-05
2.33333E+12	1.55E-07	4.88E-05
2.34234E+12	1.53E-07	4.86E-05
2.35135E+12	1.52E-07	4.84E-05
2.36036E+12	1.51E-07	4.82E-05
2.36937E+12	1.50E-07	4.80E-05
2.37838E+12	1.49E-07	4.78E-05
2.38739E+12	1.48E-07	4.77E-05
2.3964E+12	1.47E-07	4.75E-05
2.40541E+12	1.46E-07	4.73E-05
2.41441E+12	1.44E-07	4.71E-05
2.42342E+12	1.43E-07	4.69E-05
2.43243E+12	1.42E-07	4.68E-05
2.44144E+12	1.41E-07	4.66E-05
2.45045E+12	1.40E-07	4.64E-05
2.45946E+12	1.39E-07	4.63E-05
2.46847E+12	1.38E-07	4.61E-05
2.47748E+12	1.37E-07	4.59E-05
2.48649E+12	1.36E-07	4.58E-05
2.4955E+12	1.35E-07	4.56E-05
2.5045E+12	1.34E-07	4.54E-05
2.51351E+12	1.33E-07	4.53E-05
2.52252E+12	1.32E-07	4.51E-05
2.53153E+12	1.31E-07	4.49E-05
2.54054E+12	1.30E-07	4.48E-05
2.54955E+12	1.30E-07	4.46E-05
2.55856E+12	1.29E-07	4.45E-05
2.56757E+12	1.28E-07	4.43E-05
2.57658E+12	1.27E-07	4.42E-05
2.58559E+12	1.26E-07	4.40E-05
2.59459E+12	1.25E-07	4.38E-05
2.6036E+12	1.24E-07	4.37E-05
2.61261E+12	1.23E-07	4.35E-05
2.62162E+12	1.23E-07	4.34E-05
2.63063E+12	1.22E-07	4.32E-05
2.63964E+12	1.21E-07	4.31E-05
2.64865E+12	1.20E-07	4.30E-05
2.65766E+12	1.19E-07	4.28E-05
2.66667E+12	1.18E-07	4.27E-05
2.67568E+12	1.18E-07	4.25E-05
2.68468E+12	1.17E-07	4.24E-05
2.69369E+12	1.16E-07	4.22E-05
2.7027E+12	1.15E-07	4.21E-05
2.71171E+12	1.15E-07	4.20E-05
2.72072E+12	1.14E-07	4.18E-05
2.72973E+12	1.13E-07	4.17E-05
2.73874E+12	1.12E-07	4.15E-05
2.74775E+12	1.12E-07	4.14E-05
2.75676E+12	1.11E-07	4.13E-05
2.76577E+12	1.10E-07	4.11E-05
2.77477E+12	1.09E-07	4.10E-05
2.78378E+12	1.09E-07	4.09E-05
2.79279E+12	1.08E-07	4.07E-05
2.8018E+12	1.07E-07	4.06E-05
2.81081E+12	1.07E-07	4.05E-05
2.81982E+12	1.06E-07	4.03E-05
2.82883E+12	1.05E-07	4.02E-05
2.83784E+12	1.05E-07	4.01E-05
2.84685E+12	1.04E-07	4.00E-05
2.85586E+12	1.03E-07	3.98E-05
2.86486E+12	1.03E-07	3.97E-05
2.87387E+12	1.02E-07	3.96E-05
2.88288E+12	1.01E-07	3.95E-05
2.89189E+12	1.01E-07	3.93E-05
2.9009E+12	1.00E-07	3.92E-05
2.90991E+12	9.94E-08	3.91E-05
2.91892E+12	9.88E-08	3.90E-05
2.92793E+12	9.82E-08	3.89E-05
2.93694E+12	9.76E-08	3.87E-05
2.94595E+12	9.70E-08	3.86E-05
2.95495E+12	9.64E-08	3.85E-05
2.96396E+12	9.58E-08	3.84E-05
2.97297E+12	9.53E-08	3.83E-05
2.98198E+12	9.47E-08	3.82E-05
2.99099E+12	9.41E-08	3.80E-05
3E+12	9.36E-08	3.79E-05
3.00901E+12	9.30E-08	3.78E-05
3.01802E+12	9.24E-08	3.77E-05
3.02703E+12	9.19E-08	3.76E-05
3.03604E+12	9.13E-08	3.75E-05
3.04505E+12	9.08E-08	3.74E-05
3.05405E+12	9.03E-08	3.73E-05
3.06306E+12	8.97E-08	3.71E-05
3.07207E+12	8.92E-08	3.70E-05
3.08108E+12	8.87E-08	3.69E-05
3.09009E+12	8.82E-08	3.68E-05
3.0991E+12	8.77E-08	3.67E-05
3.10811E+12	8.72E-08	3.66E-05
3.11712E+12	8.67E-08	3.65E-05
3.12613E+12	8.62E-08	3.64E-05
3.13514E+12	8.57E-08	3.63E-05
3.14414E+12	8.52E-08	3.62E-05
3.15315E+12	8.47E-08	3.61E-05
3.16216E+12	8.42E-08	3.60E-05
3.17117E+12	8.37E-08	3.59E-05
3.18018E+12	8.33E-08	3.58E-05
3.18919E+12	8.28E-08	3.57E-05
3.1982E+12	8.23E-08	3.56E-05
3.20721E+12	8.19E-08	3.55E-05
3.21622E+12	8.14E-08	3.54E-05
3.22523E+12	8.09E-08	3.53E-05
3.23423E+12	8.05E-08	3.52E-05
3.24324E+12	8.01E-08	3.51E-05
3.25225E+12	7.96E-08	3.50E-05
3.26126E+12	7.92E-08	3.49E-05
3.27027E+12	7.87E-08	3.48E-05
3.27928E+12	7.83E-08	3.47E-05
3.28829E+12	7.79E-08	3.46E-05
3.2973E+12	7.74E-08	3.45E-05
3.30631E+12	7.70E-08	3.44E-05
3.31532E+12	7.66E-08	3.43E-05
3.32432E+12	7.62E-08	3.42E-05
3.33333E+12	7.58E-08	3.41E-05
3.34234E+12	7.54E-08	3.40E-05
3.35135E+12	7.50E-08	3.39E-05
3.36036E+12	7.46E-08	3.39E-05
3.36937E+12	7.42E-08	3.38E-05
3.37838E+12	7.38E-08	3.37E-05
3.38739E+12	7.34E-08	3.36E-05
3.3964E+12	7.30E-08	3.35E-05
3.40541E+12	7.26E-08	3.34E-05
3.41441E+12	7.22E-08	3.33E-05
3.42342E+12	7.18E-08	3.32E-05
3.43243E+12	7.15E-08	3.31E-05
3.44144E+12	7.11E-08	3.31E-05
3.45045E+12	7.07E-08	3.30E-05
3.45946E+12	7.04E-08	3.29E-05
3.46847E+12	7.00E-08	3.28E-05
3.47748E+12	6.96E-08	3.27E-05
3.48649E+12	6.93E-08	3.26E-05
3.4955E+12	6.89E-08	3.25E-05
3.5045E+12	6.86E-08	3.25E-05
3.51351E+12	6.82E-08	3.24E-05
3.52252E+12	6.79E-08	3.23E-05
3.53153E+12	6.75E-08	3.22E-05
3.54054E+12	6.72E-08	3.21E-05
3.54955E+12	6.68E-08	3.21E-05
3.55856E+12	6.65E-08	3.20E-05
3.56757E+12	6.62E-08	3.19E-05
3.57658E+12	6.58E-08	3.18E-05
3.58559E+12	6.55E-08	3.17E-05
3.59459E+12	6.52E-08	3.16E-05
3.6036E+12	6.48E-08	3.16E-05
3.61261E+12	6.45E-08	3.15E-05
3.62162E+12	6.42E-08	3.14E-05
3.63063E+12	6.39E-08	3.13E-05
3.63964E+12	6.36E-08	3.13E-05
3.64865E+12	6.32E-08	3.12E-05
3.65766E+12	6.29E-08	3.11E-05
3.66667E+12	6.26E-08	3.10E-05
3.67568E+12	6.23E-08	3.10E-05
3.68468E+12	6.20E-08	3.09E-05
3.69369E+12	6.17E-08	3.08E-05
3.7027E+12	6.14E-08	3.07E-05
3.71171E+12	6.11E-08	3.07E-05
3.72072E+12	6.08E-08	3.06E-05
3.72973E+12	6.05E-08	3.05E-05
3.73874E+12	6.02E-08	3.04E-05
3.74775E+12	5.99E-08	3.04E-05
3.75676E+12	5.97E-08	3.03E-05
3.76577E+12	5.94E-08	3.02E-05
3.77477E+12	5.91E-08	3.01E-05
3.78378E+12	5.88E-08	3.01E-05
3.79279E+12	5.85E-08	3.00E-05
3.8018E+12	5.83E-08	2.99E-05
3.81081E+12	5.80E-08	2.99E-05
3.81982E+12	5.77E-08	2.98E-05
3.82883E+12	5.74E-08	2.97E-05
3.83784E+12	5.72E-08	2.96E-05
3.84685E+12	5.69E-08	2.96E-05
3.85586E+12	5.66E-08	2.95E-05
3.86486E+12	5.64E-08	2.94E-05
3.87387E+12	5.61E-08	2.94E-05
3.88288E+12	5.58E-08	2.93E-05
3.89189E+12	5.56E-08	2.92E-05
3.9009E+12	5.53E-08	2.92E-05
3.90991E+12	5.51E-08	2.91E-05
3.91892E+12	5.48E-08	2.90E-05
3.92793E+12	5.46E-08	2.90E-05
3.93694E+12	5.43E-08	2.89E-05
3.94595E+12	5.41E-08	2.88E-05
3.95495E+12	5.38E-08	2.88E-05
3.96396E+12	5.36E-08	2.87E-05
3.97297E+12	5.33E-08	2.86E-05
3.98198E+12	5.31E-08	2.86E-05
3.99099E+12	5.29E-08	2.85E-05
4E+12	5.26E-08	2.84E-05
4.00901E+12	5.24E-08	2.84E-05
4.01802E+12	5.22E-08	2.83E-05
4.02703E+12	5.19E-08	2.83E-05
4.03604E+12	5.17E-08	2.82E-05
4.04505E+12	5.15E-08	2.81E-05
4.05405E+12	5.12E-08	2.81E-05
4.06306E+12	5.10E-08	2.80E-05
4.07207E+12	5.08E-08	2.79E-05
4.08108E+12	5.06E-08	2.79E-05
4.09009E+12	5.03E-08	2.78E-05
4.0991E+12	5.01E-08	2.78E-05
4.10811E+12	4.99E-08	2.77E-05
4.11712E+12	4.97E-08	2.76E-05
4.12613E+12	4.95E-08	2.76E-05
4.13514E+12	4.92E-08	2.75E-05
4.14414E+12	4.90E-08	2.75E-05
4.15315E+12	4.88E-08	2.74E-05
4.16216E+12	4.86E-08	2.73E-05
4.17117E+12	4.84E-08	2.73E-05
4.18018E+12	4.82E-08	2.72E-05
4.18919E+12	4.80E-08	2.72E-05
4.1982E+12	4.78E-08	2.71E-05
4.20721E+12	4.76E-08	2.70E-05
4.21622E+12	4.74E-08	2.70E-05
4.22523E+12	4.72E-08	2.69E-05
4.23423E+12	4.70E-08	2.69E-05
4.24324E+12	4.68E-08	2.68E-05
4.25225E+12	4.66E-08	2.68E-05
4.26126E+12	4.64E-08	2.67E-05
4.27027E+12	4.62E-08	2.66E-05
4.27928E+12	4.60E-08	2.66E-05
4.28829E+12	4.58E-08	2.65E-05
4.2973E+12	4.56E-08	2.65E-05
4.30631E+12	4.54E-08	2.64E-05
4.31532E+12	4.52E-08	2.64E-05
4.32432E+12	4.50E-08	2.63E-05
4.33333E+12	4.48E-08	2.63E-05
4.34234E+12	4.47E-08	2.62E-05
4.35135E+12	4.45E-08	2.61E-05
4.36036E+12	4.43E-08	2.61E-05
4.36937E+12	4.41E-08	2.60E-05
4.37838E+12	4.39E-08	2.60E-05
4.38739E+12	4.37E-08	2.59E-05
4.3964E+12	4.36E-08	2.59E-05
4.40541E+12	4.34E-08	2.58E-05
4.41441E+12	4.32E-08	2.58E-05
4.42342E+12	4.30E-08	2.57E-05
4.43243E+12	4.29E-08	2.57E-05
4.44144E+12	4.27E-08	2.56E-05
4.45045E+12	4.25E-08	2.56E-05
4.45946E+12	4.23E-08	2.55E-05
4.46847E+12	4.22E-08	2.55E-05
4.47748E+12	4.20E-08	2.54E-05
4.48649E+12	4.18E-08	2.54E-05
4.4955E+12	4.17E-08	2.53E-05
4.5045E+12	4.15E-08	2.53E-05
4.51351E+12	4.13E-08	2.52E-05
4.52252E+12	4.12E-08	2.52E-05
4.53153E+12	4.10E-08	2.51E-05
4.54054E+12	4.08E-08	2.51E-05
4.54955E+12	4.07E-08	2.50E-05
4.55856E+12	4.05E-08	2.50E-05
4.56757E+12	4.04E-08	2.49E-05
4.57658E+12	4.02E-08	2.49E-05
4.58559E+12	4.00E-08	2.48E-05
4.59459E+12	3.99E-08	2.48E-05
4.6036E+12	3.97E-08	2.47E-05
4.61261E+12	3.96E-08	2.47E-05
4.62162E+12	3.94E-08	2.46E-05
4.63063E+12	3.93E-08	2.46E-05
4.63964E+12	3.91E-08	2.45E-05
4.64865E+12	3.90E-08	2.45E-05
4.65766E+12	3.88E-08	2.44E-05
4.66667E+12	3.87E-08	2.44E-05
4.67568E+12	3.85E-08	2.43E-05
4.68468E+12	3.84E-08	2.43E-05
4.69369E+12	3.82E-08	2.42E-05
4.7027E+12	3.81E-08	2.42E-05
4.71171E+12	3.79E-08	2.41E-05
4.72072E+12	3.78E-08	2.41E-05
4.72973E+12	3.76E-08	2.41E-05
4.73874E+12	3.75E-08	2.40E-05
4.74775E+12	3.74E-08	2.40E-05
4.75676E+12	3.72E-08	2.39E-05
4.76577E+12	3.71E-08	2.39E-05
4.77477E+12	3.69E-08	2.38E-05
4.78378E+12	3.68E-08	2.38E-05
4.79279E+12	3.67E-08	2.37E-05
4.8018E+12	3.65E-08	2.37E-05
4.81081E+12	3.64E-08	2.36E-05
4.81982E+12	3.62E-08	2.36E-05
4.82883E+12	3.61E-08	2.36E-05
4.83784E+12	3.60E-08	2.35E-05
4.84685E+12	3.58E-08	2.35E-05
4.85586E+12	3.57E-08	2.34E-05
4.86486E+12	3.56E-08	2.34E-05
4.87387E+12	3.54E-08	2.33E-05
4.88288E+12	3.53E-08	2.33E-05
4.89189E+12	3.52E-08	2.33E-05
4.9009E+12	3.51E-08	2.32E-05
4.90991E+12	3.49E-08	2.32E-05
4.91892E+12	3.48E-08	2.31E-05
4.92793E+12	3.47E-08	2.31E-05
4.93694E+12	3.45E-08	2.30E-05
4.94595E+12	3.44E-08	2.30E-05
4.95495E+12	3.43E-08	2.30E-05
4.96396E+12	3.42E-08	2.29E-05
4.97297E+12	3.40E-08	2.29E-05
4.98198E+12	3.39E-08	2.28E-05
4.99099E+12	3.38E-08	2.28E-05
5E+12	3.37E-08	2.28E-05
5.00901E+12	3.36E-08	2.27E-05
5.01802E+12	3.34E-08	2.27E-05
5.02703E+12	3.33E-08	2.26E-05
5.03604E+12	3.32E-08	2.26E-05
5.04505E+12	3.31E-08	2.26E-05
5.05405E+12	3.30E-08	2.25E-05
5.06306E+12	3.28E-08	2.25E-05
5.07207E+12	3.27E-08	2.24E-05
5.08108E+12	3.26E-08	2.24E-05
5.09009E+12	3.25E-08	2.24E-05
5.0991E+12	3.24E-08	2.23E-05
5.10811E+12	3.23E-08	2.23E-05
5.11712E+12	3.22E-08	2.22E-05
5.12613E+12	3.20E-08	2.22E-05
5.13514E+12	3.19E-08	2.22E-05
5.14414E+12	3.18E-08	2.21E-05
5.15315E+12	3.17E-08	2.21E-05
5.16216E+12	3.16E-08	2.20E-05
5.17117E+12	3.15E-08	2.20E-05
5.18018E+12	3.14E-08	2.20E-05
5.18919E+12	3.13E-08	2.19E-05
5.1982E+12	3.12E-08	2.19E-05
5.20721E+12	3.11E-08	2.18E-05
5.21622E+12	3.09E-08	2.18E-05
5.22523E+12	3.08E-08	2.18E-05
5.23423E+12	3.07E-08	2.17E-05
5.24324E+12	3.06E-08	2.17E-05
5.25225E+12	3.05E-08	2.17E-05
5.26126E+12	3.04E-08	2.16E-05
5.27027E+12	3.03E-08	2.16E-05
5.27928E+12	3.02E-08	2.15E-05
5.28829E+12	3.01E-08	2.15E-05
5.2973E+12	3.00E-08	2.15E-05
5.30631E+12	2.99E-08	2.14E-05
5.31532E+12	2.98E-08	2.14E-05
5.32432E+12	2.97E-08	2.14E-05
5.33333E+12	2.96E-08	2.13E-05
5.34234E+12	2.95E-08	2.13E-05
5.35135E+12	2.94E-08	2.13E-05
5.36036E+12	2.93E-08	2.12E-05
5.36937E+12	2.92E-08	2.12E-05
5.37838E+12	2.91E-08	2.12E-05
5.38739E+12	2.90E-08	2.11E-05
5.3964E+12	2.89E-08	2.11E-05
5.40541E+12	2.88E-08	2.10E-05
5.41441E+12	2.87E-08	2.10E-05
5.42342E+12	2.86E-08	2.10E-05
5.43243E+12	2.85E-08	2.09E-05
5.44144E+12	2.84E-08	2.09E-05
5.45045E+12	2.83E-08	2.09E-05
5.45946E+12	2.83E-08	2.08E-05
5.46847E+12	2.82E-08	2.08E-05
5.47748E+12	2.81E-08	2.08E-05
5.48649E+12	2.80E-08	2.07E-05
5.4955E+12	2.79E-08	2.07E-05
5.5045E+12	2.78E-08	2.07E-05
5.51351E+12	2.77E-08	2.06E-05
5.52252E+12	2.76E-08	2.06E-05
5.53153E+12	2.75E-08	2.06E-05
5.54054E+12	2.74E-08	2.05E-05
5.54955E+12	2.73E-08	2.05E-05
5.55856E+12	2.73E-08	2.05E-05
5.56757E+12	2.72E-08	2.04E-05
5.57658E+12	2.71E-08	2.04E-05
5.58559E+12	2.70E-08	2.04E-05
5.59459E+12	2.69E-08	2.03E-05
5.6036E+12	2.68E-08	2.03E-05
5.61261E+12	2.67E-08	2.03E-05
5.62162E+12	2.66E-08	2.02E-05
5.63063E+12	2.66E-08	2.02E-05
5.63964E+12	2.65E-08	2.02E-05
5.64865E+12	2.64E-08	2.01E-05
5.65766E+12	2.63E-08	2.01E-05
5.66667E+12	2.62E-08	2.01E-05
5.67568E+12	2.61E-08	2.00E-05
5.68468E+12	2.61E-08	2.00E-05
5.69369E+12	2.60E-08	2.00E-05
5.7027E+12	2.59E-08	1.99E-05
5.71171E+12	2.58E-08	1.99E-05
5.72072E+12	2.57E-08	1.99E-05
5.72973E+12	2.56E-08	1.99E-05
5.73874E+12	2.56E-08	1.98E-05
5.74775E+12	2.55E-08	1.98E-05
5.75676E+12	2.54E-08	1.98E-05
5.76577E+12	2.53E-08	1.97E-05
5.77477E+12	2.52E-08	1.97E-05
5.78378E+12	2.52E-08	1.97E-05
5.79279E+12	2.51E-08	1.96E-05
5.8018E+12	2.50E-08	1.96E-05
5.81081E+12	2.49E-08	1.96E-05
5.81982E+12	2.49E-08	1.95E-05
5.82883E+12	2.48E-08	1.95E-05
5.83784E+12	2.47E-08	1.95E-05
5.84685E+12	2.46E-08	1.95E-05
5.85586E+12	2.46E-08	1.94E-05
5.86486E+12	2.45E-08	1.94E-05
5.87387E+12	2.44E-08	1.94E-05
5.88288E+12	2.43E-08	1.93E-05
5.89189E+12	2.43E-08	1.93E-05
5.9009E+12	2.42E-08	1.93E-05
5.90991E+12	2.41E-08	1.93E-05
5.91892E+12	2.40E-08	1.92E-05
5.92793E+12	2.40E-08	1.92E-05
5.93694E+12	2.39E-08	1.92E-05
5.94595E+12	2.38E-08	1.91E-05
5.95495E+12	2.37E-08	1.91E-05
5.96396E+12	2.37E-08	1.91E-05
5.97297E+12	2.36E-08	1.90E-05
5.98198E+12	2.35E-08	1.90E-05
5.99099E+12	2.35E-08	1.90E-05
6E+12	2.34E-08	1.90E-05
6.00901E+12	2.33E-08	1.89E-05
6.01802E+12	2.32E-08	1.89E-05
6.02703E+12	2.32E-08	1.89E-05
6.03604E+12	2.31E-08	1.88E-05
6.04505E+12	2.30E-08	1.88E-05
6.05405E+12	2.30E-08	1.88E-05
6.06306E+12	2.29E-08	1.88E-05
6.07207E+12	2.28E-08	1.87E-05
6.08108E+12	2.28E-08	1.87E-05
6.09009E+12	2.27E-08	1.87E-05
6.0991E+12	2.26E-08	1.87E-05
6.10811E+12	2.26E-08	1.86E-05
6.11712E+12	2.25E-08	1.86E-05
6.12613E+12	2.24E-08	1.86E-05
6.13514E+12	2.24E-08	1.85E-05
6.14414E+12	2.23E-08	1.85E-05
6.15315E+12	2.22E-08	1.85E-05
6.16216E+12	2.22E-08	1.85E-05
6.17117E+12	2.21E-08	1.84E-05
6.18018E+12	2.20E-08	1.84E-05
6.18919E+12	2.20E-08	1.84E-05
6.1982E+12	2.19E-08	1.84E-05
6.20721E+12	2.19E-08	1.83E-05
6.21622E+12	2.18E-08	1.83E-05
6.22523E+12	2.17E-08	1.83E-05
6.23423E+12	2.17E-08	1.82E-05
6.24324E+12	2.16E-08	1.82E-05
6.25225E+12	2.15E-08	1.82E-05
6.26126E+12	2.15E-08	1.82E-05
6.27027E+12	2.14E-08	1.81E-05
6.27928E+12	2.14E-08	1.81E-05
6.28829E+12	2.13E-08	1.81E-05
6.2973E+12	2.12E-08	1.81E-05
6.30631E+12	2.12E-08	1.80E-05
6.31532E+12	2.11E-08	1.80E-05
6.32432E+12	2.11E-08	1.80E-05
6.33333E+12	2.10E-08	1.80E-05
6.34234E+12	2.09E-08	1.79E-05
6.35135E+12	2.09E-08	1.79E-05
6.36036E+12	2.08E-08	1.79E-05
6.36937E+12	2.08E-08	1.79E-05
6.37838E+12	2.07E-08	1.78E-05
6.38739E+12	2.06E-08	1.78E-05
6.3964E+12	2.06E-08	1.78E-05
6.40541E+12	2.05E-08	1.78E-05
6.41441E+12	2.05E-08	1.77E-05
6.42342E+12	2.04E-08	1.77E-05
6.43243E+12	2.04E-08	1.77E-05
6.44144E+12	2.03E-08	1.77E-05
6.45045E+12	2.02E-08	1.76E-05
6.45946E+12	2.02E-08	1.76E-05
6.46847E+12	2.01E-08	1.76E-05
6.47748E+12	2.01E-08	1.76E-05
6.48649E+12	2.00E-08	1.75E-05
6.4955E+12	2.00E-08	1.75E-05
6.5045E+12	1.99E-08	1.75E-05
6.51351E+12	1.98E-08	1.75E-05
6.52252E+12	1.98E-08	1.74E-05
6.53153E+12	1.97E-08	1.74E-05
6.54054E+12	1.97E-08	1.74E-05
6.54955E+12	1.96E-08	1.74E-05
6.55856E+12	1.96E-08	1.73E-05
6.56757E+12	1.95E-08	1.73E-05
6.57658E+12	1.95E-08	1.73E-05
6.58559E+12	1.94E-08	1.73E-05
6.59459E+12	1.94E-08	1.73E-05
6.6036E+12	1.93E-08	1.72E-05
6.61261E+12	1.93E-08	1.72E-05
6.62162E+12	1.92E-08	1.72E-05
6.63063E+12	1.92E-08	1.72E-05
6.63964E+12	1.91E-08	1.71E-05
6.64865E+12	1.90E-08	1.71E-05
6.65766E+12	1.90E-08	1.71E-05
6.66667E+12	1.89E-08	1.71E-05
6.67568E+12	1.89E-08	1.70E-05
6.68468E+12	1.88E-08	1.70E-05
6.69369E+12	1.88E-08	1.70E-05
6.7027E+12	1.87E-08	1.70E-05
6.71171E+12	1.87E-08	1.70E-05
6.72072E+12	1.86E-08	1.69E-05
6.72973E+12	1.86E-08	1.69E-05
6.73874E+12	1.85E-08	1.69E-05
6.74775E+12	1.85E-08	1.69E-05
6.75676E+12	1.84E-08	1.68E-05
6.76577E+12	1.84E-08	1.68E-05
6.77477E+12	1.83E-08	1.68E-05
6.78378E+12	1.83E-08	1.68E-05
6.79279E+12	1.82E-08	1.67E-05
6.8018E+12	1.82E-08	1.67E-05
6.81081E+12	1.82E-08	1.67E-05
6.81982E+12	1.81E-08	1.67E-05
6.82883E+12	1.81E-08	1.67E-05
6.83784E+12	1.80E-08	1.66E-05
6.84685E+12	1.80E-08	1.66E-05
6.85586E+12	1.79E-08	1.66E-05
6.86486E+12	1.79E-08	1.66E-05
6.87387E+12	1.78E-08	1.66E-05
6.88288E+12	1.78E-08	1.65E-05
6.89189E+12	1.77E-08	1.65E-05
6.9009E+12	1.77E-08	1.65E-05
6.90991E+12	1.76E-08	1.65E-05
6.91892E+12	1.76E-08	1.64E-05
6.92793E+12	1.75E-08	1.64E-05
6.93694E+12	1.75E-08	1.64E-05
6.94595E+12	1.75E-08	1.64E-05
6.95495E+12	1.74E-08	1.64E-05
6.96396E+12	1.74E-08	1.63E-05
6.97297E+12	1.73E-08	1.63E-05
6.98198E+12	1.73E-08	1.63E-05
6.99099E+12	1.72E-08	1.63E-05
7E+12	1.72E-08	1.63E-05
7.00901E+12	1.71E-08	1.62E-05
7.01802E+12	1.71E-08	1.62E-05
7.02703E+12	1.71E-08	1.62E-05
7.03604E+12	1.70E-08	1.62E-05
7.04505E+12	1.70E-08	1.61E-05
7.05405E+12	1.69E-08	1.61E-05
7.06306E+12	1.69E-08	1.61E-05
7.07207E+12	1.68E-08	1.61E-05
7.08108E+12	1.68E-08	1.61E-05
7.09009E+12	1.68E-08	1.60E-05
7.0991E+12	1.67E-08	1.60E-05
7.10811E+12	1.67E-08	1.60E-05
7.11712E+12	1.66E-08	1.60E-05
7.12613E+12	1.66E-08	1.60E-05
7.13514E+12	1.65E-08	1.59E-05
7.14414E+12	1.65E-08	1.59E-05
7.15315E+12	1.65E-08	1.59E-05
7.16216E+12	1.64E-08	1.59E-05
7.17117E+12	1.64E-08	1.59E-05
7.18018E+12	1.63E-08	1.58E-05
7.18919E+12	1.63E-08	1.58E-05
7.1982E+12	1.63E-08	1.58E-05
7.20721E+12	1.62E-08	1.58E-05
7.21622E+12	1.62E-08	1.58E-05
7.22523E+12	1.61E-08	1.57E-05
7.23423E+12	1.61E-08	1.57E-05
7.24324E+12	1.60E-08	1.57E-05
7.25225E+12	1.60E-08	1.57E-05
7.26126E+12	1.60E-08	1.57E-05
7.27027E+12	1.59E-08	1.56E-05
7.27928E+12	1.59E-08	1.56E-05
7.28829E+12	1.59E-08	1.56E-05
7.2973E+12	1.58E-08	1.56E-05
7.30631E+12	1.58E-08	1.56E-05
7.31532E+12	1.57E-08	1.56E-05
7.32432E+12	1.57E-08	1.55E-05
7.33333E+12	1.57E-08	1.55E-05
7.34234E+12	1.56E-08	1.55E-05
7.35135E+12	1.56E-08	1.55E-05
7.36036E+12	1.55E-08	1.55E-05
7.36937E+12	1.55E-08	1.54E-05
7.37838E+12	1.55E-08	1.54E-05
7.38739E+12	1.54E-08	1.54E-05
7.3964E+12	1.54E-08	1.54E-05
7.40541E+12	1.54E-08	1.54E-05
7.41441E+12	1.53E-08	1.53E-05
7.42342E+12	1.53E-08	1.53E-05
7.43243E+12	1.52E-08	1.53E-05
7.44144E+12	1.52E-08	1.53E-05
7.45045E+12	1.52E-08	1.53E-05
7.45946E+12	1.51E-08	1.53E-05
7.46847E+12	1.51E-08	1.52E-05
7.47748E+12	1.51E-08	1.52E-05
7.48649E+12	1.50E-08	1.52E-05
7.4955E+12	1.50E-08	1.52E-05
7.5045E+12	1.50E-08	1.52E-05
7.51351E+12	1.49E-08	1.51E-05
7.52252E+12	1.49E-08	1.51E-05
7.53153E+12	1.48E-08	1.51E-05
7.54054E+12	1.48E-08	1.51E-05
7.54955E+12	1.48E-08	1.51E-05
7.55856E+12	1.47E-08	1.51E-05
7.56757E+12	1.47E-08	1.50E-05
7.57658E+12	1.47E-08	1.50E-05
7.58559E+12	1.46E-08	1.50E-05
7.59459E+12	1.46E-08	1.50E-05
7.6036E+12	1.46E-08	1.50E-05
7.61261E+12	1.45E-08	1.49E-05
7.62162E+12	1.45E-08	1.49E-05
7.63063E+12	1.45E-08	1.49E-05
7.63964E+12	1.44E-08	1.49E-05
7.64865E+12	1.44E-08	1.49E-05
7.65766E+12	1.44E-08	1.49E-05
7.66667E+12	1.43E-08	1.48E-05
7.67568E+12	1.43E-08	1.48E-05
7.68468E+12	1.43E-08	1.48E-05
7.69369E+12	1.42E-08	1.48E-05
7.7027E+12	1.42E-08	1.48E-05
7.71171E+12	1.42E-08	1.48E-05
7.72072E+12	1.41E-08	1.47E-05
7.72973E+12	1.41E-08	1.47E-05
7.73874E+12	1.41E-08	1.47E-05
7.74775E+12	1.40E-08	1.47E-05
7.75676E+12	1.40E-08	1.47E-05
7.76577E+12	1.40E-08	1.46E-05
7.77477E+12	1.39E-08	1.46E-05
7.78378E+12	1.39E-08	1.46E-05
7.79279E+12	1.39E-08	1.46E-05
7.8018E+12	1.38E-08	1.46E-05
7.81081E+12	1.38E-08	1.46E-05
7.81982E+12	1.38E-08	1.45E-05
7.82883E+12	1.37E-08	1.45E-05
7.83784E+12	1.37E-08	1.45E-05
7.84685E+12	1.37E-08	1.45E-05
7.85586E+12	1.36E-08	1.45E-05
7.86486E+12	1.36E-08	1.45E-05
7.87387E+12	1.36E-08	1.44E-05
7.88288E+12	1.36E-08	1.44E-05
7.89189E+12	1.35E-08	1.44E-05
7.9009E+12	1.35E-08	1.44E-05
7.90991E+12	1.35E-08	1.44E-05
7.91892E+12	1.34E-08	1.44E-05
7.92793E+12	1.34E-08	1.44E-05
7.93694E+12	1.34E-08	1.43E-05
7.94595E+12	1.33E-08	1.43E-05
7.95495E+12	1.33E-08	1.43E-05
7.96396E+12	1.33E-08	1.43E-05
7.97297E+12	1.32E-08	1.43E-05
7.98198E+12	1.32E-08	1.43E-05
7.99099E+12	1.32E-08	1.42E-05
8E+12	1.32E-08	1.42E-05
8.00901E+12	1.31E-08	1.42E-05
8.01802E+12	1.31E-08	1.42E-05
8.02703E+12	1.31E-08	1.42E-05
8.03604E+12	1.30E-08	1.42E-05
8.04505E+12	1.30E-08	1.41E-05
8.05405E+12	1.30E-08	1.41E-05
8.06306E+12	1.30E-08	1.41E-05
8.07207E+12	1.29E-08	1.41E-05
8.08108E+12	1.29E-08	1.41E-05
8.09009E+12	1.29E-08	1.41E-05
8.0991E+12	1.28E-08	1.40E-05
8.10811E+12	1.28E-08	1.40E-05
8.11712E+12	1.28E-08	1.40E-05
8.12613E+12	1.28E-08	1.40E-05
8.13514E+12	1.27E-08	1.40E-05
8.14414E+12	1.27E-08	1.40E-05
8.15315E+12	1.27E-08	1.40E-05
8.16216E+12	1.26E-08	1.39E-05
8.17117E+12	1.26E-08	1.39E-05
8.18018E+12	1.26E-08	1.39E-05
8.18919E+12	1.26E-08	1.39E-05
8.1982E+12	1.25E-08	1.39E-05
8.20721E+12	1.25E-08	1.39E-05
8.21622E+12	1.25E-08	1.38E-05
8.22523E+12	1.24E-08	1.38E-05
8.23423E+12	1.24E-08	1.38E-05
8.24324E+12	1.24E-08	1.38E-05
8.25225E+12	1.24E-08	1.38E-05
8.26126E+12	1.23E-08	1.38E-05
8.27027E+12	1.23E-08	1.38E-05
8.27928E+12	1.23E-08	1.37E-05
8.28829E+12	1.23E-08	1.37E-05
8.2973E+12	1.22E-08	1.37E-05
8.30631E+12	1.22E-08	1.37E-05
8.31532E+12	1.22E-08	1.37E-05
8.32432E+12	1.22E-08	1.37E-05
8.33333E+12	1.21E-08	1.37E-05
8.34234E+12	1.21E-08	1.36E-05
8.35135E+12	1.21E-08	1.36E-05
8.36036E+12	1.20E-08	1.36E-05
8.36937E+12	1.20E-08	1.36E-05
8.37838E+12	1.20E-08	1.36E-05
8.38739E+12	1.20E-08	1.36E-05
8.3964E+12	1.19E-08	1.35E-05
8.40541E+12	1.19E-08	1.35E-05
8.41441E+12	1.19E-08	1.35E-05
8.42342E+12	1.19E-08	1.35E-05
8.43243E+12	1.18E-08	1.35E-05
8.44144E+12	1.18E-08	1.35E-05
8.45045E+12	1.18E-08	1.35E-05
8.45946E+12	1.18E-08	1.34E-05
8.46847E+12	1.17E-08	1.34E-05
8.47748E+12	1.17E-08	1.34E-05
8.48649E+12	1.17E-08	1.34E-05
8.4955E+12	1.17E-08	1.34E-05
8.5045E+12	1.16E-08	1.34E-05
8.51351E+12	1.16E-08	1.34E-05
8.52252E+12	1.16E-08	1.33E-05
8.53153E+12	1.16E-08	1.33E-05
8.54054E+12	1.15E-08	1.33E-05
8.54955E+12	1.15E-08	1.33E-05
8.55856E+12	1.15E-08	1.33E-05
8.56757E+12	1.15E-08	1.33E-05
8.57658E+12	1.14E-08	1.33E-05
8.58559E+12	1.14E-08	1.33E-05
8.59459E+12	1.14E-08	1.32E-05
8.6036E+12	1.14E-08	1.32E-05
8.61261E+12	1.14E-08	1.32E-05
8.62162E+12	1.13E-08	1.32E-05
8.63063E+12	1.13E-08	1.32E-05
8.63964E+12	1.13E-08	1.32E-05
8.64865E+12	1.13E-08	1.32E-05
8.65766E+12	1.12E-08	1.31E-05
8.66667E+12	1.12E-08	1.31E-05
8.67568E+12	1.12E-08	1.31E-05
8.68468E+12	1.12E-08	1.31E-05
8.69369E+12	1.11E-08	1.31E-05
8.7027E+12	1.11E-08	1.31E-05
8.71171E+12	1.11E-08	1.31E-05
8.72072E+12	1.11E-08	1.30E-05
8.72973E+12	1.10E-08	1.30E-05
8.73874E+12	1.10E-08	1.30E-05
8.74775E+12	1.10E-08	1.30E-05
8.75676E+12	1.10E-08	1.30E-05
8.76577E+12	1.10E-08	1.30E-05
8.77477E+12	1.09E-08	1.30E-05
8.78378E+12	1.09E-08	1.30E-05
8.79279E+12	1.09E-08	1.29E-05
8.8018E+12	1.09E-08	1.29E-05
8.81081E+12	1.08E-08	1.29E-05
8.81982E+12	1.08E-08	1.29E-05
8.82883E+12	1.08E-08	1.29E-05
8.83784E+12	1.08E-08	1.29E-05
8.84685E+12	1.08E-08	1.29E-05
8.85586E+12	1.07E-08	1.28E-05
8.86486E+12	1.07E-08	1.28E-05
8.87387E+12	1.07E-08	1.28E-05
8.88288E+12	1.07E-08	1.28E-05
8.89189E+12	1.06E-08	1.28E-05
8.9009E+12	1.06E-08	1.28E-05
8.90991E+12	1.06E-08	1.28E-05
8.91892E+12	1.06E-08	1.28E-05
8.92793E+12	1.06E-08	1.27E-05
8.93694E+12	1.05E-08	1.27E-05
8.94595E+12	1.05E-08	1.27E-05
8.95495E+12	1.05E-08	1.27E-05
8.96396E+12	1.05E-08	1.27E-05
8.97297E+12	1.05E-08	1.27E-05
8.98198E+12	1.04E-08	1.27E-05
8.99099E+12	1.04E-08	1.27E-05
9E+12	1.04E-08	1.26E-05
9.00901E+12	1.04E-08	1.26E-05
9.01802E+12	1.04E-08	1.26E-05
9.02703E+12	1.03E-08	1.26E-05
9.03604E+12	1.03E-08	1.26E-05
9.04505E+12	1.03E-08	1.26E-05
9.05405E+12	1.03E-08	1.26E-05
9.06306E+12	1.03E-08	1.26E-05
9.07207E+12	1.02E-08	1.25E-05
9.08108E+12	1.02E-08	1.25E-05
9.09009E+12	1.02E-08	1.25E-05
9.0991E+12	1.02E-08	1.25E-05
9.10811E+12	1.02E-08	1.25E-05
9.11712E+12	1.01E-08	1.25E-05
9.12613E+12	1.01E-08	1.25E-05
9.13514E+12	1.01E-08	1.25E-05
9.14414E+12	1.01E-08	1.24E-05
9.15315E+12	1.01E-08	1.24E-05
9.16216E+12	1.00E-08	1.24E-05
9.17117E+12	1.00E-08	1.24E-05
9.18018E+12	9.99E-09	1.24E-05
9.18919E+12	9.97E-09	1.24E-05
9.1982E+12	9.95E-09	1.24E-05
9.20721E+12	9.93E-09	1.24E-05
9.21622E+12	9.91E-09	1.23E-05
9.22523E+12	9.89E-09	1.23E-05
9.23423E+12	9.87E-09	1.23E-05
9.24324E+12	9.86E-09	1.23E-05
9.25225E+12	9.84E-09	1.23E-05
9.26126E+12	9.82E-09	1.23E-05
9.27027E+12	9.80E-09	1.23E-05
9.27928E+12	9.78E-09	1.23E-05
9.28829E+12	9.76E-09	1.22E-05
9.2973E+12	9.74E-09	1.22E-05
9.30631E+12	9.72E-09	1.22E-05
9.31532E+12	9.70E-09	1.22E-05
9.32432E+12	9.68E-09	1.22E-05
9.33333E+12	9.67E-09	1.22E-05
9.34234E+12	9.65E-09	1.22E-05
9.35135E+12	9.63E-09	1.22E-05
9.36036E+12	9.61E-09	1.22E-05
9.36937E+12	9.59E-09	1.21E-05
9.37838E+12	9.57E-09	1.21E-05
9.38739E+12	9.56E-09	1.21E-05
9.3964E+12	9.54E-09	1.21E-05
9.40541E+12	9.52E-09	1.21E-05
9.41441E+12	9.50E-09	1.21E-05
9.42342E+12	9.48E-09	1.21E-05
9.43243E+12	9.46E-09	1.21E-05
9.44144E+12	9.45E-09	1.20E-05
9.45045E+12	9.43E-09	1.20E-05
9.45946E+12	9.41E-09	1.20E-05
9.46847E+12	9.39E-09	1.20E-05
9.47748E+12	9.37E-09	1.20E-05
9.48649E+12	9.36E-09	1.20E-05
9.4955E+12	9.34E-09	1.20E-05
9.5045E+12	9.32E-09	1.20E-05
9.51351E+12	9.30E-09	1.20E-05
9.52252E+12	9.29E-09	1.19E-05
9.53153E+12	9.27E-09	1.19E-05
9.54054E+12	9.25E-09	1.19E-05
9.54955E+12	9.23E-09	1.19E-05
9.55856E+12	9.22E-09	1.19E-05
9.56757E+12	9.20E-09	1.19E-05
9.57658E+12	9.18E-09	1.19E-05
9.58559E+12	9.16E-09	1.19E-05
9.59459E+12	9.15E-09	1.19E-05
9.6036E+12	9.13E-09	1.18E-05
9.61261E+12	9.11E-09	1.18E-05
9.62162E+12	9.10E-09	1.18E-05
9.63063E+12	9.08E-09	1.18E-05
9.63964E+12	9.06E-09	1.18E-05
9.64865E+12	9.04E-09	1.18E-05
9.65766E+12	9.03E-09	1.18E-05
9.66667E+12	9.01E-09	1.18E-05
9.67568E+12	8.99E-09	1.18E-05
9.68468E+12	8.98E-09	1.17E-05
9.69369E+12	8.96E-09	1.17E-05
9.7027E+12	8.94E-09	1.17E-05
9.71171E+12	8.93E-09	1.17E-05
9.72072E+12	8.91E-09	1.17E-05
9.72973E+12	8.89E-09	1.17E-05
9.73874E+12	8.88E-09	1.17E-05
9.74775E+12	8.86E-09	1.17E-05
9.75676E+12	8.85E-09	1.17E-05
9.76577E+12	8.83E-09	1.16E-05
9.77477E+12	8.81E-09	1.16E-05
9.78378E+12	8.80E-09	1.16E-05
9.79279E+12	8.78E-09	1.16E-05
9.8018E+12	8.76E-09	1.16E-05
9.81081E+12	8.75E-09	1.16E-05
9.81982E+12	8.73E-09	1.16E-05
9.82883E+12	8.72E-09	1.16E-05
9.83784E+12	8.70E-09	1.16E-05
9.84685E+12	8.68E-09	1.16E-05
9.85586E+12	8.67E-09	1.15E-05
9.86486E+12	8.65E-09	1.15E-05
9.87387E+12	8.64E-09	1.15E-05
9.88288E+12	8.62E-09	1.15E-05
9.89189E+12	8.61E-09	1.15E-05
9.9009E+12	8.59E-09	1.15E-05
9.90991E+12	8.57E-09	1.15E-05
9.91892E+12	8.56E-09	1.15E-05
9.92793E+12	8.54E-09	1.15E-05
9.93694E+12	8.53E-09	1.14E-05
9.94595E+12	8.51E-09	1.14E-05
9.95495E+12	8.50E-09	1.14E-05
9.96396E+12	8.48E-09	1.14E-05
9.97297E+12	8.47E-09	1.14E-05
9.98198E+12	8.45E-09	1.14E-05
9.99099E+12	8.44E-09	1.14E-05
1E+13	8.42E-09	1.14E-05
